colum1	seq1	seq3	seq4	seq_id1	seq_id2	seq2
seq1	736.0	576.0	96.0	14.0	14.0	588.0
seq3	576.0	736.0	96.0	14.0	14.0	712.0
seq4	96.0	96.0	116.0	10.0	11.0	93.0
seq_id1	14.0	14.0	10.0	16.0	12.0	14.0
seq_id2	14.0	14.0	11.0	12.0	16.0	14.0
seq2	588.0	712.0	93.0	14.0	14.0	736.0
